Log for instance 0125.txt.

VND used alpha=0 and took 0.375 seconds.
K1: [33]
E1: {(112, 114), (64, 114), (64, 69), (98, 95), (112, 113), (108, 83), (33, 48), (108, 113), (33, 83), (98, 48), (33, 30), (67, 69)}
K2: [101]
E2: {(36, 11), (2, 4), (101, 104), (11, 61), (36, 46), (33, 48), (101, 116), (33, 83), (101, 51), (46, 48), (4, 104), (51, 61)}
Obj: 23320 + 23380 + -3636 = 43064

GRASP with mst used alpha=0.4 and took 900.265625 seconds. The best instance was found after 241.84375 seconds.
K1: [33]
E1: {(112, 114), (64, 114), (64, 69), (98, 95), (48, 49), (64, 39), (33, 48), (33, 83), (39, 49), (98, 48), (33, 30), (67, 69)}
K2: [101]
E2: {(2, 4), (101, 104), (11, 61), (49, 29), (48, 49), (104, 29), (61, 51), (33, 48), (101, 116), (33, 83), (101, 51), (4, 104)}
Obj: 23350 + 23410 + -5445 = 41315

