Log for instance 0049.txt.

VND used alpha=0 and took 0.125 seconds.
K1: [21, 46, 47, 26, 48]
E1: {(16, 26), (6, 21), (8, 46), (26, 39), (22, 23), (0, 2), (15, 48), (9, 20), (4, 45), (45, 46), (5, 46), (8, 39), (6, 26), (14, 21), (0, 10), (10, 23), (47, 48), (19, 47), (14, 20), (1, 22), (7, 48), (2, 21), (5, 47)}
K2: [47, 20, 37]
E2: {(11, 36), (13, 27), (16, 20), (24, 27), (0, 2), (9, 20), (4, 45), (3, 43), (10, 24), (45, 46), (5, 46), (32, 36), (13, 32), (18, 37), (29, 37), (14, 21), (0, 10), (17, 29), (47, 48), (19, 44), (42, 43), (19, 47), (11, 37), (18, 42), (14, 20), (7, 48), (3, 44), (2, 21), (5, 47)}
Obj: 84612399 + 85860207 + -33056662 = 137415944

GRASP with mst used alpha=0.5 and took 900.09375 seconds. The best instance was found after 793.953125 seconds.
K1: [21, 47, 26, 48, 24]
E1: {(13, 27), (16, 26), (6, 21), (24, 27), (26, 39), (0, 2), (15, 48), (12, 40), (34, 40), (9, 20), (4, 45), (45, 46), (10, 24), (5, 46), (8, 39), (13, 35), (6, 26), (14, 21), (0, 10), (47, 48), (19, 44), (19, 47), (22, 24), (14, 20), (1, 22), (34, 35), (7, 48), (12, 44), (2, 21), (5, 47)}
K2: [21, 44, 47, 40, 35]
E2: {(11, 36), (13, 27), (16, 26), (6, 21), (24, 27), (35, 36), (0, 2), (40, 41), (12, 40), (34, 40), (9, 20), (4, 45), (45, 46), (10, 24), (41, 42), (5, 46), (13, 35), (6, 26), (18, 37), (29, 37), (14, 21), (0, 10), (17, 29), (47, 48), (19, 44), (19, 47), (18, 42), (14, 20), (34, 35), (7, 48), (3, 44), (12, 44), (2, 21), (5, 47)}
Obj: 94033230 + 92514402 + -54217328 = 132330304

