Log for instance 0064.txt.

VND used alpha=0 and took 0.078125 seconds.
K1: []
E1: {(0, 1), (12, 15), (0, 3), (9, 57), (12, 28), (37, 53), (53, 57), (3, 15), (1, 9)}
K2: []
E2: {(43, 27), (19, 27), (42, 58), (54, 58), (3, 19), (42, 43), (3, 15)}
Obj: 5163 + 3966 + -404 = 8725

GRASP with mst used alpha=0.8 and took 900.015625 seconds. The best instance was found after 775.4375 seconds.
K1: [3, 53, 63]
E1: {(55, 63), (51, 63), (3, 51), (0, 3), (53, 55), (53, 57), (37, 53), (31, 28), (31, 63), (3, 15)}
K2: [34, 3]
E2: {(34, 42), (3, 2), (50, 54), (3, 19), (34, 2), (34, 50), (3, 15)}
Obj: 4593 + 3381 + -404 = 7570

