Log for instance 0125.txt.

VND used alpha=0 and took 0.359375 seconds.
K1: [33]
E1: {(112, 114), (64, 114), (64, 69), (98, 95), (112, 113), (108, 83), (33, 48), (108, 113), (33, 83), (98, 48), (33, 30), (67, 69)}
K2: [101]
E2: {(36, 11), (2, 4), (101, 104), (11, 61), (36, 46), (33, 48), (101, 116), (33, 83), (101, 51), (46, 48), (4, 104), (51, 61)}
Obj: 23320 + 23380 + -3636 = 43064

GRASP with mst used alpha=1.0 and took 900.15625 seconds. The best instance was found after 234.28125 seconds.
K1: [33, 35]
E1: {(35, 30), (80, 95), (80, 30), (32, 30), (37, 112), (33, 48), (33, 83), (35, 37), (67, 57), (64, 60), (35, 60), (33, 30), (32, 57)}
K2: [46, 101]
E2: {(36, 11), (71, 46), (101, 104), (36, 46), (71, 51), (33, 48), (101, 116), (33, 83), (101, 51), (46, 48), (2, 102), (101, 102)}
Obj: 23450 + 21330 + -3636 = 41144

