Log for instance 0064.txt.

VND used alpha=0 and took 0.078125 seconds.
K1: []
E1: {(0, 1), (12, 15), (0, 3), (9, 57), (12, 28), (37, 53), (53, 57), (3, 15), (1, 9)}
K2: []
E2: {(43, 27), (19, 27), (42, 58), (54, 58), (3, 19), (42, 43), (3, 15)}
Obj: 5163 + 3966 + -404 = 8725

GRASP with mst used alpha=0.9 and took 900.078125 seconds. The best instance was found after 455.140625 seconds.
K1: [3, 34, 51]
E1: {(46, 30), (57, 59), (34, 46), (0, 3), (50, 51), (51, 59), (33, 37), (3, 51), (33, 34), (34, 50), (3, 15), (28, 30)}
K2: [50, 51]
E2: {(34, 42), (50, 51), (50, 54), (19, 51), (3, 51), (34, 50), (3, 15)}
Obj: 5223 + 3393 + -1030 = 7586

