Log for instance 0125.txt.

VND used alpha=0 and took 0.390625 seconds.
K1: [33]
E1: {(112, 114), (64, 114), (64, 69), (98, 95), (112, 113), (108, 83), (33, 48), (108, 113), (33, 83), (98, 48), (33, 30), (67, 69)}
K2: [101]
E2: {(36, 11), (2, 4), (101, 104), (11, 61), (36, 46), (33, 48), (101, 116), (33, 83), (101, 51), (46, 48), (4, 104), (51, 61)}
Obj: 23320 + 23380 + -3636 = 43064

GRASP with mst used alpha=0.9 and took 900.125 seconds. The best instance was found after 803.65625 seconds.
K1: [33, 98, 73]
E1: {(72, 73), (67, 72), (98, 88), (98, 95), (112, 113), (33, 48), (33, 83), (73, 74), (64, 74), (98, 48), (113, 88), (33, 30), (98, 73)}
K2: [101, 76]
E2: {(101, 104), (11, 61), (33, 48), (101, 116), (33, 83), (76, 78), (101, 51), (2, 77), (78, 83), (76, 77), (51, 61), (101, 76)}
Obj: 21370 + 21580 + -3636 = 39314

