Log for instance 0729.txt.

VND used alpha=0 and took 31.96875 seconds.
K1: [372]
E1: {(611, 638), (165, 219), (396, 399), (82, 325), (653, 656), (612, 615), (142, 385), (655, 656), (479, 482), (331, 385), (649, 655), (328, 331), (653, 671), (574, 655), (579, 633), (602, 629), (377, 620), (372, 615), (372, 374), (331, 574), (415, 442), (378, 396), (400, 643), (642, 643), (399, 400), (345, 399), (576, 579), (365, 374), (374, 377), (525, 552), (428, 671), (552, 633), (142, 143), (649, 703), (602, 683), (252, 414), (165, 651), (610, 611), (297, 300), (495, 657), (629, 638), (143, 629), (347, 374), (122, 365), (655, 673), (325, 328), (29, 110), (300, 302), (264, 345), (401, 482), (214, 457), (91, 100), (119, 122), (110, 119), (633, 642), (280, 442), (430, 457), (576, 657), (54, 72), (414, 415), (539, 620), (347, 428), (82, 100), (91, 145), (252, 495), (430, 673), (399, 401), (440, 683), (297, 378), (54, 297), (651, 653), (372, 399)}
K2: [563]
E2: {(489, 490), (163, 164), (634, 643), (82, 325), (162, 171), (110, 191), (165, 167), (61, 70), (479, 482), (82, 163), (77, 563), (249, 276), (525, 528), (671, 725), (516, 525), (391, 634), (249, 492), (428, 482), (231, 233), (525, 552), (72, 75), (162, 164), (391, 472), (428, 671), (72, 78), (563, 725), (204, 231), (171, 414), (489, 492), (60, 61), (164, 167), (370, 376), (16, 43), (75, 77), (302, 320), (525, 527), (164, 191), (365, 608), (562, 643), (490, 517), (16, 70), (343, 349), (325, 343), (259, 340), (16, 259), (42, 43), (42, 528), (171, 657), (276, 438), (562, 563), (77, 320), (369, 370), (60, 78), (516, 517), (527, 608), (349, 376), (42, 204), (340, 349)}
Obj: 44355 + 54430 + 3660 = 102445

GRASP with mst used alpha=0.3 and took 906.109375 seconds. The best instance was found after 235.421875 seconds.
K1: [695, 649, 677, 704]
E1: {(614, 695), (331, 385), (414, 441), (122, 131), (37, 280), (629, 710), (461, 479), (604, 610), (677, 680), (604, 631), (302, 320), (300, 302), (264, 345), (131, 374), (54, 72), (432, 441), (320, 401), (399, 401), (145, 631), (606, 633), (110, 191), (574, 655), (675, 677), (331, 412), (145, 151), (612, 614), (677, 695), (91, 100), (430, 457), (651, 653), (372, 399), (82, 325), (142, 385), (390, 633), (649, 655), (704, 710), (579, 633), (653, 671), (328, 331), (653, 680), (372, 374), (331, 574), (649, 703), (498, 552), (650, 677), (297, 300), (677, 704), (122, 365), (461, 704), (28, 29), (214, 457), (412, 430), (119, 122), (110, 119), (576, 657), (649, 650), (390, 399), (533, 695), (91, 145), (54, 297), (165, 219), (432, 675), (191, 677), (400, 643), (345, 399), (576, 579), (399, 400), (677, 683), (165, 651), (29, 110), (498, 579), (525, 606), (82, 100), (142, 151), (28, 37), (533, 539), (440, 683)}
K2: [5, 167, 179, 176, 194]
E2: {(598, 616), (324, 325), (616, 643), (110, 191), (165, 167), (5, 248), (248, 302), (23, 77), (61, 70), (479, 482), (179, 233), (167, 170), (167, 176), (176, 179), (360, 369), (525, 528), (167, 185), (343, 349), (230, 473), (167, 194), (517, 679), (472, 473), (7, 16), (525, 552), (320, 482), (171, 173), (72, 75), (411, 438), (351, 369), (171, 414), (164, 167), (17, 179), (679, 680), (173, 176), (16, 43), (191, 194), (360, 362), (75, 77), (324, 351), (525, 527), (365, 608), (6, 7), (5, 167), (6, 492), (16, 70), (168, 411), (168, 170), (325, 343), (42, 43), (185, 671), (42, 528), (194, 680), (362, 365), (171, 657), (77, 320), (517, 598), (5, 23), (527, 608), (230, 233), (16, 17)}
Obj: 44007 + 51790 + 820 = 96617

