Log for instance 0729.txt.

VND used alpha=0 and took 32.171875 seconds.
K1: [515, 28, 524, 488, 27, 54, 46, 37, 272, 119, 52, 82, 491, 218, 278, 275]
E1: {(331, 358), (671, 509), (559, 640), (30, 192), (37, 280), (604, 610), (608, 635), (135, 378), (38, 119), (596, 599), (27, 54), (54, 72), (491, 509), (46, 52), (515, 521), (27, 29), (487, 493), (531, 612), (514, 541), (29, 191), (579, 606), (28, 46), (29, 38), (602, 629), (653, 491), (603, 606), (278, 440), (488, 497), (272, 281), (515, 596), (218, 236), (52, 295), (358, 359), (142, 143), (252, 414), (246, 264), (35, 62), (525, 527), (236, 479), (487, 488), (85, 328), (243, 246), (82, 85), (252, 279), (219, 221), (275, 302), (657, 495), (495, 497), (279, 281), (54, 135), (82, 325), (523, 604), (29, 35), (640, 643), (515, 29), (272, 278), (378, 396), (599, 608), (523, 524), (28, 109), (549, 552), (655, 493), (27, 30), (28, 29), (191, 218), (119, 122), (278, 359), (515, 488), (549, 63), (362, 365), (521, 602), (165, 192), (27, 270), (268, 430), (54, 297), (119, 362), (396, 399), (488, 491), (272, 275), (514, 28), (275, 356), (268, 295), (218, 221), (524, 605), (356, 374), (37, 118), (29, 272), (541, 703), (603, 605), (29, 110), (118, 145), (54, 63), (513, 531), (62, 143), (82, 100), (243, 270), (82, 109), (559, 73), (524, 527), (515, 524), (28, 37), (533, 539), (46, 73), (515, 533), (513, 515), (633, 635), (52, 214)}
K2: [563]
E2: {(489, 490), (163, 164), (528, 42), (162, 171), (657, 171), (165, 167), (320, 77), (61, 70), (479, 482), (525, 528), (325, 82), (517, 490), (671, 725), (516, 525), (391, 634), (428, 482), (231, 233), (525, 552), (72, 75), (162, 164), (391, 472), (489, 492), (72, 78), (563, 725), (204, 231), (370, 376), (643, 562), (60, 61), (164, 167), (16, 43), (75, 77), (302, 320), (525, 527), (671, 428), (164, 191), (16, 70), (343, 349), (492, 249), (325, 343), (259, 340), (42, 43), (276, 249), (414, 171), (643, 634), (276, 438), (562, 563), (563, 77), (259, 16), (369, 370), (60, 78), (516, 517), (527, 608), (349, 376), (163, 82), (42, 204), (608, 365), (340, 349), (191, 110)}
Obj: 46644 + 54430 + 808 = 101882

GRASP with mst used alpha=0.3 and took 902.234375 seconds. The best instance was found after 127.609375 seconds.
K1: [151]
E1: {(331, 358), (145, 91), (165, 219), (606, 633), (653, 656), (721, 722), (527, 525), (655, 656), (610, 124), (390, 633), (297, 54), (649, 655), (626, 629), (653, 671), (440, 359), (579, 633), (325, 82), (372, 374), (642, 643), (385, 142), (576, 579), (399, 345), (657, 576), (365, 374), (385, 331), (414, 468), (145, 151), (574, 331), (579, 498), (142, 143), (649, 703), (358, 359), (457, 214), (151, 124), (297, 300), (399, 372), (536, 539), (527, 536), (643, 644), (143, 629), (522, 525), (522, 531), (655, 673), (302, 320), (325, 328), (29, 110), (300, 302), (264, 345), (642, 633), (91, 100), (119, 122), (110, 119), (552, 498), (525, 606), (399, 401), (283, 526), (430, 457), (54, 72), (722, 479), (390, 399), (82, 100), (142, 151), (280, 283), (673, 430), (525, 526), (365, 122), (468, 477), (644, 626), (477, 479), (320, 401), (651, 165), (655, 574), (531, 612), (651, 653), (703, 721)}
K2: [543, 162, 563, 473, 75]
E2: {(528, 42), (162, 171), (162, 165), (657, 171), (446, 473), (320, 77), (324, 325), (61, 70), (543, 552), (435, 192), (525, 528), (218, 227), (66, 75), (671, 725), (552, 66), (227, 233), (472, 473), (516, 543), (525, 552), (162, 164), (452, 479), (72, 75), (489, 492), (563, 725), (324, 333), (643, 562), (473, 230), (446, 365), (16, 43), (369, 371), (75, 77), (302, 320), (435, 438), (164, 191), (414, 333), (16, 70), (343, 349), (6, 492), (325, 343), (72, 74), (164, 218), (42, 43), (414, 171), (74, 236), (452, 371), (479, 236), (165, 168), (543, 489), (562, 563), (563, 77), (6, 168), (516, 517), (165, 192), (230, 233), (191, 110)}
Obj: 45480 + 51215 + 812 = 97507

