Log for instance 0729.txt.

VND used alpha=0 and took 32.234375 seconds.
K1: [372]
E1: {(611, 638), (165, 219), (396, 399), (82, 325), (653, 656), (612, 615), (142, 385), (655, 656), (479, 482), (331, 385), (649, 655), (328, 331), (653, 671), (574, 655), (579, 633), (602, 629), (377, 620), (372, 615), (372, 374), (331, 574), (415, 442), (378, 396), (400, 643), (642, 643), (399, 400), (345, 399), (576, 579), (365, 374), (374, 377), (525, 552), (428, 671), (552, 633), (142, 143), (649, 703), (602, 683), (252, 414), (165, 651), (610, 611), (297, 300), (495, 657), (629, 638), (143, 629), (347, 374), (122, 365), (655, 673), (325, 328), (29, 110), (300, 302), (264, 345), (401, 482), (214, 457), (91, 100), (119, 122), (110, 119), (633, 642), (280, 442), (430, 457), (576, 657), (54, 72), (414, 415), (539, 620), (347, 428), (82, 100), (91, 145), (252, 495), (430, 673), (399, 401), (440, 683), (297, 378), (54, 297), (651, 653), (372, 399)}
K2: [563]
E2: {(489, 490), (163, 164), (634, 643), (82, 325), (162, 171), (110, 191), (165, 167), (61, 70), (479, 482), (82, 163), (77, 563), (249, 276), (525, 528), (671, 725), (516, 525), (391, 634), (249, 492), (428, 482), (231, 233), (525, 552), (72, 75), (162, 164), (391, 472), (428, 671), (72, 78), (563, 725), (204, 231), (171, 414), (489, 492), (60, 61), (164, 167), (370, 376), (16, 43), (75, 77), (302, 320), (525, 527), (164, 191), (365, 608), (562, 643), (490, 517), (16, 70), (343, 349), (325, 343), (259, 340), (16, 259), (42, 43), (42, 528), (171, 657), (276, 438), (562, 563), (77, 320), (369, 370), (60, 78), (516, 517), (527, 608), (349, 376), (42, 204), (340, 349)}
Obj: 44355 + 54430 + 3660 = 102445

GRASP with mst used alpha=0.5 and took 930.65625 seconds. The best instance was found after 560.484375 seconds.
K1: [515, 28, 524, 488, 27, 54, 46, 37, 272, 52, 82, 491, 218, 281, 278, 275]
E1: {(331, 358), (559, 640), (284, 365), (30, 192), (37, 280), (604, 610), (608, 635), (135, 378), (38, 119), (596, 599), (27, 54), (54, 72), (491, 509), (46, 52), (515, 521), (27, 29), (487, 493), (531, 612), (514, 541), (29, 191), (579, 606), (28, 46), (29, 38), (602, 629), (278, 440), (603, 606), (488, 497), (272, 281), (488, 515), (515, 596), (218, 236), (52, 295), (358, 359), (142, 143), (252, 414), (495, 657), (246, 264), (35, 62), (525, 527), (236, 479), (487, 488), (85, 328), (28, 514), (491, 653), (243, 246), (82, 85), (252, 279), (219, 221), (275, 302), (495, 497), (279, 281), (54, 135), (82, 325), (523, 604), (29, 35), (640, 643), (493, 655), (272, 278), (378, 396), (599, 608), (63, 549), (523, 524), (28, 109), (549, 552), (27, 30), (28, 29), (191, 218), (119, 122), (278, 359), (521, 602), (29, 515), (165, 192), (27, 270), (268, 430), (54, 297), (281, 284), (396, 399), (488, 491), (272, 275), (275, 356), (268, 295), (218, 221), (524, 605), (356, 374), (37, 118), (73, 559), (29, 272), (541, 703), (603, 605), (29, 110), (118, 145), (509, 671), (54, 63), (513, 531), (62, 143), (82, 100), (243, 270), (82, 109), (524, 527), (515, 524), (28, 37), (533, 539), (46, 73), (515, 533), (513, 515), (633, 635), (52, 214)}
K2: [516, 6, 320, 227]
E2: {(6, 15), (33, 42), (58, 544), (446, 473), (165, 167), (471, 472), (15, 42), (479, 482), (414, 420), (470, 479), (666, 668), (218, 227), (66, 75), (411, 420), (227, 233), (516, 525), (126, 153), (472, 473), (7, 16), (525, 552), (320, 482), (414, 468), (171, 225), (411, 438), (33, 276), (668, 671), (670, 671), (58, 61), (72, 75), (370, 376), (164, 167), (165, 651), (489, 516), (126, 369), (589, 643), (63, 225), (302, 320), (517, 544), (227, 470), (489, 492), (589, 670), (6, 7), (343, 349), (6, 492), (365, 446), (325, 343), (164, 218), (651, 660), (63, 72), (353, 362), (362, 365), (276, 438), (72, 153), (165, 168), (77, 320), (657, 660), (657, 666), (369, 370), (516, 517), (6, 168), (468, 471), (349, 376), (66, 552), (110, 353)}
Obj: 46650 + 55835 + 0 = 102485

