Log for instance 0064.txt.

VND used alpha=0 and took 0.0625 seconds.
K1: []
E1: {(0, 1), (12, 15), (0, 3), (9, 57), (12, 28), (37, 53), (53, 57), (3, 15), (1, 9)}
K2: []
E2: {(43, 27), (19, 27), (42, 58), (54, 58), (3, 19), (42, 43), (3, 15)}
Obj: 5163 + 3966 + -404 = 8725

GRASP with mst used alpha=0.7 and took 900.03125 seconds. The best instance was found after 32.078125 seconds.
K1: [12, 5]
E1: {(9, 57), (5, 7), (0, 12), (12, 28), (37, 5), (12, 15), (7, 15), (5, 9)}
K2: [7, 38]
E2: {(38, 42), (3, 7), (38, 54), (38, 6), (3, 19), (7, 6), (7, 15)}
Obj: 4317 + 3402 + -412 = 7307

