Log for instance 0125.txt.

VND used alpha=0 and took 0.359375 seconds.
K1: [33]
E1: {(112, 114), (64, 114), (64, 69), (98, 95), (112, 113), (108, 83), (33, 48), (108, 113), (33, 83), (98, 48), (33, 30), (67, 69)}
K2: [101]
E2: {(36, 11), (2, 4), (101, 104), (11, 61), (36, 46), (33, 48), (101, 116), (33, 83), (101, 51), (46, 48), (4, 104), (51, 61)}
Obj: 23320 + 23380 + -3636 = 43064

GRASP with mst used alpha=0.7 and took 900.15625 seconds. The best instance was found after 205.046875 seconds.
K1: [33]
E1: {(80, 95), (67, 117), (64, 69), (112, 113), (108, 83), (33, 48), (108, 113), (33, 83), (80, 83), (33, 30), (67, 69), (112, 117)}
K2: [33, 28, 101]
E2: {(36, 11), (101, 104), (101, 103), (33, 48), (101, 116), (33, 83), (38, 28), (33, 28), (2, 3), (101, 51), (36, 38), (3, 28), (103, 28)}
Obj: 23370 + 20420 + -3636 = 40154

