Log for instance 0024.txt.

VND used alpha=0 and took 0.03125 seconds.
K1: [23]
E1: {(4, 23), (5, 11), (9, 13), (10, 11), (14, 17), (3, 23), (19, 23), (0, 19), (12, 13), (1, 10), (9, 14), (5, 12), (0, 17)}
K2: [10, 16, 11, 12]
E2: {(4, 23), (5, 11), (9, 13), (10, 11), (18, 20), (3, 23), (12, 16), (2, 16), (3, 20), (12, 13), (16, 22), (7, 12), (6, 10), (1, 10), (8, 22), (2, 15), (7, 11), (15, 18)}
Obj: 14317765 + 22225388 + 8097784 = 44640937

GRASP with mst used alpha=0.8 and took 900.0 seconds. The best instance was found after 116.203125 seconds.
K1: [19, 23, 14]
E1: {(4, 23), (5, 11), (10, 11), (14, 17), (3, 23), (12, 16), (0, 19), (2, 16), (17, 19), (19, 23), (1, 10), (9, 14), (2, 15), (14, 15), (5, 12)}
K2: [10, 21, 13, 11]
E2: {(4, 23), (5, 11), (9, 13), (10, 11), (3, 23), (3, 20), (12, 13), (21, 22), (2, 13), (7, 12), (6, 10), (1, 10), (8, 22), (2, 21), (7, 11), (20, 21)}
Obj: 16301335 + 20800757 + 5559727 = 42661819

