Log for instance 0064.txt.

VND used alpha=0 and took 0.0625 seconds.
K1: []
E1: {(0, 1), (12, 15), (0, 3), (9, 57), (12, 28), (37, 53), (53, 57), (3, 15), (1, 9)}
K2: []
E2: {(43, 27), (19, 27), (42, 58), (54, 58), (3, 19), (42, 43), (3, 15)}
Obj: 5163 + 3966 + -404 = 8725

GRASP with mst used alpha=0.4 and took 900.078125 seconds. The best instance was found after 738.34375 seconds.
K1: [12, 5]
E1: {(9, 57), (12, 13), (5, 13), (0, 12), (12, 28), (37, 5), (12, 15), (5, 9)}
K2: [38, 39]
E2: {(38, 42), (38, 39), (19, 23), (38, 54), (39, 23), (39, 7), (7, 15)}
Obj: 4011 + 3396 + 0 = 7407

