Log for instance 0064.txt.

VND used alpha=0 and took 0.0625 seconds.
K1: []
E1: {(0, 1), (12, 15), (0, 3), (9, 57), (12, 28), (37, 53), (53, 57), (3, 15), (1, 9)}
K2: []
E2: {(19, 27), (42, 58), (54, 58), (27, 43), (3, 19), (42, 43), (3, 15)}
Obj: 5163 + 3966 + -404 = 8725

GRASP with mst used alpha=0.4 and took 900.015625 seconds. The best instance was found after 312.03125 seconds.
K1: [40, 41, 31]
E1: {(40, 43), (27, 31), (32, 40), (27, 43), (0, 32), (37, 41), (28, 31), (40, 41), (41, 57), (15, 31)}
K2: [31]
E2: {(27, 31), (42, 58), (54, 58), (27, 43), (42, 43), (19, 31), (15, 31)}
Obj: 4641 + 3696 + -826 = 7511

