Log for instance 0125.txt.

VND used alpha=0 and took 0.390625 seconds.
K1: [33]
E1: {(112, 114), (64, 114), (64, 69), (30, 33), (112, 113), (33, 48), (108, 113), (33, 83), (83, 108), (95, 98), (67, 69), (48, 98)}
K2: [101]
E2: {(2, 4), (101, 104), (11, 36), (11, 61), (36, 46), (51, 101), (33, 48), (101, 116), (33, 83), (46, 48), (4, 104), (51, 61)}
Obj: 23320 + 23380 + -3636 = 43064

GRASP with mst used alpha=0.4 and took 900.03125 seconds. The best instance was found after 867.5625 seconds.
K1: [33, 35]
E1: {(80, 95), (30, 33), (37, 112), (33, 48), (30, 32), (33, 83), (30, 35), (30, 80), (35, 37), (57, 67), (60, 64), (35, 60), (32, 57)}
K2: [1, 101]
E2: {(1, 2), (101, 104), (26, 46), (1, 101), (1, 11), (33, 48), (101, 116), (33, 83), (46, 48), (1, 26), (1, 51)}
Obj: 23450 + 19460 + -3636 = 39274

