Log for instance 0729.txt.

VND used alpha=0 and took 35.21875 seconds.
K1: [372]
E1: {(611, 638), (165, 219), (396, 399), (82, 325), (653, 656), (612, 615), (142, 385), (655, 656), (479, 482), (331, 385), (649, 655), (328, 331), (653, 671), (574, 655), (579, 633), (602, 629), (377, 620), (372, 615), (372, 374), (331, 574), (415, 442), (378, 396), (400, 643), (642, 643), (399, 400), (345, 399), (576, 579), (365, 374), (374, 377), (525, 552), (428, 671), (552, 633), (142, 143), (649, 703), (602, 683), (252, 414), (165, 651), (610, 611), (297, 300), (495, 657), (629, 638), (143, 629), (347, 374), (122, 365), (655, 673), (325, 328), (29, 110), (300, 302), (264, 345), (401, 482), (214, 457), (91, 100), (119, 122), (110, 119), (633, 642), (280, 442), (430, 457), (576, 657), (54, 72), (414, 415), (539, 620), (347, 428), (82, 100), (91, 145), (252, 495), (430, 673), (399, 401), (440, 683), (297, 378), (54, 297), (651, 653), (372, 399)}
K2: [563]
E2: {(489, 490), (163, 164), (634, 643), (82, 325), (162, 171), (110, 191), (165, 167), (61, 70), (479, 482), (82, 163), (77, 563), (249, 276), (525, 528), (671, 725), (516, 525), (391, 634), (249, 492), (428, 482), (231, 233), (525, 552), (72, 75), (162, 164), (391, 472), (428, 671), (72, 78), (563, 725), (204, 231), (171, 414), (489, 492), (60, 61), (164, 167), (370, 376), (16, 43), (75, 77), (302, 320), (525, 527), (164, 191), (365, 608), (562, 643), (490, 517), (16, 70), (343, 349), (325, 343), (259, 340), (16, 259), (42, 43), (42, 528), (171, 657), (276, 438), (562, 563), (77, 320), (369, 370), (60, 78), (516, 517), (527, 608), (349, 376), (42, 204), (340, 349)}
Obj: 44355 + 54430 + 3660 = 102445

GRASP with mst used alpha=0.2 and took 903.796875 seconds. The best instance was found after 873.234375 seconds.
K1: [372, 356, 355, 358]
E1: {(331, 358), (165, 219), (612, 615), (82, 325), (653, 656), (358, 601), (142, 385), (655, 656), (331, 385), (649, 655), (275, 356), (653, 671), (579, 633), (479, 485), (355, 358), (355, 364), (372, 615), (430, 431), (400, 643), (642, 643), (399, 400), (345, 399), (331, 412), (576, 579), (328, 355), (355, 373), (356, 374), (356, 365), (552, 633), (142, 143), (649, 703), (252, 414), (165, 651), (579, 606), (352, 355), (297, 300), (610, 611), (143, 629), (372, 373), (122, 365), (655, 673), (297, 306), (437, 440), (29, 110), (300, 302), (264, 345), (214, 457), (412, 430), (91, 100), (119, 122), (110, 119), (356, 437), (525, 606), (633, 642), (325, 352), (430, 457), (54, 72), (576, 657), (539, 620), (283, 364), (82, 100), (280, 283), (601, 610), (275, 302), (252, 306), (91, 145), (355, 356), (611, 620), (431, 485), (430, 673), (54, 297), (651, 653), (372, 399)}
K2: [276, 320, 75, 362]
E2: {(33, 42), (162, 171), (110, 191), (165, 167), (61, 70), (479, 482), (77, 563), (249, 276), (360, 369), (525, 528), (346, 349), (66, 75), (671, 725), (516, 525), (400, 643), (230, 473), (463, 464), (472, 473), (249, 492), (525, 552), (302, 464), (162, 164), (171, 225), (320, 482), (33, 276), (563, 725), (72, 75), (171, 414), (230, 233), (164, 167), (16, 43), (346, 400), (360, 362), (63, 225), (75, 77), (302, 320), (164, 191), (16, 70), (463, 472), (343, 349), (325, 343), (259, 340), (16, 259), (63, 72), (42, 43), (353, 362), (42, 528), (362, 365), (171, 657), (276, 438), (77, 320), (516, 517), (66, 552), (340, 349), (110, 353)}
Obj: 42384 + 51625 + 820 = 94829

