Log for instance 0729.txt.

VND used alpha=0 and took 32.734375 seconds.
K1: [515, 28, 524, 488, 27, 54, 46, 37, 272, 119, 52, 82, 491, 218, 278, 275]
E1: {(331, 358), (671, 509), (559, 640), (30, 192), (37, 280), (604, 610), (608, 635), (135, 378), (38, 119), (596, 599), (27, 54), (54, 72), (491, 509), (46, 52), (515, 521), (27, 29), (487, 493), (531, 612), (514, 541), (29, 191), (579, 606), (28, 46), (29, 38), (602, 629), (653, 491), (603, 606), (278, 440), (488, 497), (272, 281), (515, 596), (218, 236), (52, 295), (358, 359), (142, 143), (252, 414), (246, 264), (35, 62), (525, 527), (236, 479), (487, 488), (85, 328), (243, 246), (82, 85), (252, 279), (219, 221), (275, 302), (657, 495), (495, 497), (279, 281), (54, 135), (82, 325), (523, 604), (29, 35), (640, 643), (515, 29), (272, 278), (378, 396), (599, 608), (523, 524), (28, 109), (549, 552), (655, 493), (27, 30), (28, 29), (191, 218), (119, 122), (278, 359), (515, 488), (549, 63), (362, 365), (521, 602), (165, 192), (27, 270), (268, 430), (54, 297), (119, 362), (396, 399), (488, 491), (272, 275), (514, 28), (275, 356), (268, 295), (218, 221), (524, 605), (356, 374), (37, 118), (29, 272), (541, 703), (603, 605), (29, 110), (118, 145), (54, 63), (513, 531), (62, 143), (82, 100), (243, 270), (82, 109), (559, 73), (524, 527), (515, 524), (28, 37), (533, 539), (46, 73), (515, 533), (513, 515), (633, 635), (52, 214)}
K2: [563]
E2: {(489, 490), (163, 164), (528, 42), (162, 171), (657, 171), (165, 167), (320, 77), (61, 70), (479, 482), (525, 528), (325, 82), (517, 490), (671, 725), (516, 525), (391, 634), (428, 482), (231, 233), (525, 552), (72, 75), (162, 164), (391, 472), (489, 492), (72, 78), (563, 725), (204, 231), (370, 376), (643, 562), (60, 61), (164, 167), (16, 43), (75, 77), (302, 320), (525, 527), (671, 428), (164, 191), (16, 70), (343, 349), (492, 249), (325, 343), (259, 340), (42, 43), (276, 249), (414, 171), (643, 634), (276, 438), (562, 563), (563, 77), (259, 16), (369, 370), (60, 78), (516, 517), (527, 608), (349, 376), (163, 82), (42, 204), (608, 365), (340, 349), (191, 110)}
Obj: 46644 + 54430 + 808 = 101882

GRASP with mst used alpha=0.1 and took 906.9375 seconds. The best instance was found after 259.046875 seconds.
K1: [649, 656, 151]
E1: {(165, 219), (653, 656), (414, 417), (655, 656), (610, 124), (390, 633), (297, 54), (649, 655), (328, 331), (653, 671), (683, 440), (649, 658), (579, 633), (479, 485), (325, 82), (372, 374), (430, 431), (417, 174), (365, 374), (385, 142), (399, 400), (399, 345), (128, 614), (657, 576), (385, 331), (525, 552), (576, 579), (145, 151), (574, 331), (612, 614), (552, 633), (142, 143), (649, 703), (658, 657), (151, 124), (297, 300), (643, 400), (399, 372), (143, 629), (457, 214), (128, 110), (655, 673), (325, 328), (29, 110), (300, 302), (264, 345), (539, 53), (119, 122), (110, 119), (283, 526), (430, 457), (54, 72), (52, 53), (390, 399), (165, 174), (82, 100), (142, 151), (280, 283), (378, 379), (673, 430), (525, 526), (325, 379), (365, 122), (431, 485), (656, 683), (651, 165), (655, 574), (297, 378), (651, 653), (52, 214)}
K2: [75, 324]
E2: {(6, 15), (528, 42), (162, 171), (324, 325), (657, 171), (165, 167), (320, 77), (15, 42), (61, 70), (479, 482), (435, 192), (666, 668), (310, 472), (525, 528), (71, 233), (66, 75), (552, 66), (516, 525), (71, 68), (353, 110), (391, 634), (654, 492), (428, 482), (525, 552), (72, 75), (162, 164), (391, 472), (351, 369), (668, 671), (324, 333), (164, 167), (16, 43), (75, 77), (324, 351), (302, 320), (435, 438), (671, 428), (164, 191), (68, 77), (414, 333), (552, 309), (16, 70), (343, 349), (6, 492), (325, 343), (42, 43), (353, 362), (362, 365), (414, 171), (309, 310), (643, 634), (657, 666), (516, 517), (165, 192), (648, 657), (648, 654), (191, 110)}
Obj: 43284 + 53640 + 1224 = 98148

