Log for instance 0064.txt.

VND used alpha=0 and took 0.078125 seconds.
K1: []
E1: {(0, 1), (12, 15), (0, 3), (9, 57), (12, 28), (37, 53), (53, 57), (3, 15), (1, 9)}
K2: []
E2: {(19, 27), (42, 58), (54, 58), (27, 43), (3, 19), (42, 43), (3, 15)}
Obj: 5163 + 3966 + -404 = 8725

GRASP with mst used alpha=0.7 and took 900.046875 seconds. The best instance was found after 646.609375 seconds.
K1: [12, 61]
E1: {(37, 45), (45, 61), (57, 61), (0, 12), (12, 28), (61, 63), (12, 15), (15, 63)}
K2: [58, 63]
E2: {(51, 63), (42, 58), (58, 59), (54, 58), (19, 51), (59, 63), (61, 63), (15, 63)}
Obj: 4287 + 3699 + -616 = 7370

