Log for instance 1331.txt.

VND used alpha=0 and took 130.65625 seconds.
K1: []
E1: {(1277, 1283), (1303, 1308), (313, 676), (50, 897), (1279, 1283), (487, 575), (625, 658), (552, 585), (1068, 1069), (190, 1279), (649, 658), (15, 48), (48, 1137), (546, 590), (1217, 1283), (627, 649), (1170, 1174), (423, 544), (423, 425), (425, 480), (342, 1068), (624, 625), (811, 1174), (335, 1303), (809, 811), (552, 596), (620, 624), (300, 421), (122, 243), (551, 552), (1277, 1321), (1137, 1170), (340, 1308), (544, 549), (897, 899), (585, 1069), (15, 620), (546, 549), (551, 573), (249, 1217), (596, 599), (243, 249), (50, 53), (1137, 1139), (302, 423), (480, 1327), (313, 335), (1283, 1327), (627, 632), (302, 313), (300, 542), (573, 575), (421, 423), (487, 542), (1117, 1139), (53, 658), (632, 676)}
K2: [768, 197, 1212, 475, 875]
E2: {(50, 897), (202, 686), (746, 768), (743, 864), (768, 1131), (1219, 1220), (210, 211), (365, 475), (354, 475), (1212, 1220), (197, 241), (1037, 1081), (244, 249), (875, 878), (208, 241), (230, 241), (122, 210), (864, 875), (190, 1037), (354, 596), (122, 243), (767, 768), (230, 472), (365, 1212), (897, 899), (183, 546), (746, 1230), (546, 549), (596, 599), (1215, 1303), (17, 50), (202, 208), (475, 480), (243, 249), (743, 746), (366, 487), (1212, 1267), (190, 197), (1219, 1230), (233, 354), (17, 864), (244, 354), (233, 241), (1215, 1220), (365, 366), (197, 1044), (472, 593), (549, 593), (875, 1117)}
Obj: 45736 + 38880 + -3642 = 80974

GRASP with mst used alpha=0.7 and took 932.71875 seconds. The best instance was found after 132.796875 seconds.
K1: [243]
E1: {(1277, 1283), (1303, 1308), (313, 676), (586, 590), (50, 897), (1279, 1283), (487, 575), (625, 658), (552, 585), (1068, 1069), (190, 1279), (649, 658), (15, 48), (48, 1137), (546, 590), (243, 342), (1217, 1283), (627, 649), (1170, 1174), (423, 544), (423, 425), (425, 480), (342, 1068), (624, 625), (811, 1174), (549, 604), (335, 1303), (809, 811), (487, 586), (620, 624), (300, 421), (122, 243), (1277, 1321), (1137, 1170), (340, 1308), (544, 549), (599, 604), (897, 899), (585, 1069), (15, 620), (546, 549), (249, 1217), (243, 249), (50, 53), (1137, 1139), (302, 423), (480, 1327), (313, 335), (1283, 1327), (627, 632), (302, 313), (573, 575), (421, 423), (1117, 1139), (53, 658), (632, 676)}
K2: [768, 197, 1212, 475, 875]
E2: {(50, 897), (202, 686), (746, 768), (743, 864), (768, 1131), (1219, 1220), (210, 211), (365, 475), (354, 475), (1212, 1220), (197, 241), (1037, 1081), (244, 249), (875, 878), (208, 241), (230, 241), (122, 210), (864, 875), (190, 1037), (354, 596), (122, 243), (767, 768), (230, 472), (365, 1212), (897, 899), (183, 546), (746, 1230), (546, 549), (596, 599), (1215, 1303), (17, 50), (202, 208), (475, 480), (243, 249), (743, 746), (366, 487), (1212, 1267), (190, 197), (1219, 1230), (233, 354), (17, 864), (244, 354), (233, 241), (1215, 1220), (365, 366), (197, 1044), (472, 593), (549, 593), (875, 1117)}
Obj: 44928 + 38880 + -3033 = 80775

