Log for instance 0125.txt.

VND used alpha=0 and took 0.40625 seconds.
K1: [33]
E1: {(112, 114), (64, 114), (64, 69), (98, 95), (112, 113), (108, 83), (33, 48), (108, 113), (33, 83), (98, 48), (33, 30), (67, 69)}
K2: [101]
E2: {(36, 11), (2, 4), (101, 104), (11, 61), (36, 46), (33, 48), (101, 116), (33, 83), (101, 51), (46, 48), (4, 104), (51, 61)}
Obj: 23320 + 23380 + -3636 = 43064

GRASP with mst used alpha=0.3 and took 900.046875 seconds. The best instance was found after 681.125 seconds.
K1: [58]
E1: {(80, 95), (67, 117), (83, 58), (73, 58), (57, 58), (55, 30), (73, 48), (55, 58), (67, 57), (80, 83), (58, 63), (64, 63), (112, 117)}
K2: [101, 73]
E2: {(121, 123), (101, 104), (73, 123), (83, 58), (1, 101), (1, 11), (73, 58), (101, 116), (101, 51), (73, 48), (2, 102), (101, 102), (101, 121)}
Obj: 22630 + 20530 + -4599 = 38561

