Log for instance 0729.txt.

VND used alpha=0 and took 33.421875 seconds.
K1: [515, 28, 524, 488, 27, 54, 46, 37, 272, 119, 52, 82, 491, 218, 278, 275]
E1: {(331, 358), (671, 509), (559, 640), (30, 192), (37, 280), (604, 610), (608, 635), (135, 378), (38, 119), (596, 599), (27, 54), (54, 72), (491, 509), (46, 52), (515, 521), (27, 29), (487, 493), (531, 612), (514, 541), (29, 191), (579, 606), (28, 46), (29, 38), (602, 629), (653, 491), (603, 606), (278, 440), (488, 497), (272, 281), (515, 596), (218, 236), (52, 295), (358, 359), (142, 143), (252, 414), (246, 264), (35, 62), (525, 527), (236, 479), (487, 488), (85, 328), (243, 246), (82, 85), (252, 279), (219, 221), (275, 302), (657, 495), (495, 497), (279, 281), (54, 135), (82, 325), (523, 604), (29, 35), (640, 643), (515, 29), (272, 278), (378, 396), (599, 608), (523, 524), (28, 109), (549, 552), (655, 493), (27, 30), (28, 29), (191, 218), (119, 122), (278, 359), (515, 488), (549, 63), (362, 365), (521, 602), (165, 192), (27, 270), (268, 430), (54, 297), (119, 362), (396, 399), (488, 491), (272, 275), (514, 28), (275, 356), (268, 295), (218, 221), (524, 605), (356, 374), (37, 118), (29, 272), (541, 703), (603, 605), (29, 110), (118, 145), (54, 63), (513, 531), (62, 143), (82, 100), (243, 270), (82, 109), (559, 73), (524, 527), (515, 524), (28, 37), (533, 539), (46, 73), (515, 533), (513, 515), (633, 635), (52, 214)}
K2: [563]
E2: {(489, 490), (163, 164), (528, 42), (162, 171), (657, 171), (165, 167), (320, 77), (61, 70), (479, 482), (525, 528), (325, 82), (517, 490), (671, 725), (516, 525), (391, 634), (428, 482), (231, 233), (525, 552), (72, 75), (162, 164), (391, 472), (489, 492), (72, 78), (563, 725), (204, 231), (370, 376), (643, 562), (60, 61), (164, 167), (16, 43), (75, 77), (302, 320), (525, 527), (671, 428), (164, 191), (16, 70), (343, 349), (492, 249), (325, 343), (259, 340), (42, 43), (276, 249), (414, 171), (643, 634), (276, 438), (562, 563), (563, 77), (259, 16), (369, 370), (60, 78), (516, 517), (527, 608), (349, 376), (163, 82), (42, 204), (608, 365), (340, 349), (191, 110)}
Obj: 46644 + 54430 + 808 = 101882

GRASP with mst used alpha=0.3 and took 924.25 seconds. The best instance was found after 351.609375 seconds.
K1: [606, 400, 649, 427, 481]
E1: {(331, 358), (165, 219), (606, 633), (653, 656), (656, 655), (409, 427), (142, 385), (248, 302), (414, 423), (331, 385), (649, 655), (653, 671), (603, 606), (649, 658), (629, 143), (372, 374), (603, 612), (415, 442), (633, 390), (372, 399), (184, 427), (365, 374), (399, 400), (426, 427), (604, 610), (145, 151), (265, 427), (579, 498), (142, 143), (649, 703), (358, 359), (400, 481), (657, 658), (643, 400), (297, 300), (103, 346), (604, 631), (122, 365), (655, 673), (359, 440), (325, 328), (29, 110), (100, 103), (631, 145), (300, 302), (328, 409), (478, 479), (651, 653), (539, 53), (91, 100), (346, 427), (119, 122), (110, 119), (552, 498), (187, 214), (525, 606), (248, 410), (653, 410), (184, 187), (54, 72), (280, 442), (427, 430), (414, 415), (52, 53), (390, 399), (142, 151), (264, 265), (673, 430), (91, 145), (427, 481), (478, 481), (651, 165), (423, 426), (54, 297), (579, 606), (52, 214)}
K2: [276, 162, 236]
E2: {(33, 42), (528, 42), (162, 171), (162, 165), (657, 171), (165, 167), (320, 77), (61, 70), (479, 482), (470, 479), (360, 369), (525, 528), (167, 185), (16, 178), (671, 185), (172, 178), (227, 233), (516, 525), (472, 473), (525, 552), (72, 75), (162, 164), (370, 376), (643, 562), (16, 43), (75, 77), (276, 33), (164, 182), (333, 360), (302, 320), (525, 527), (164, 191), (414, 333), (16, 70), (343, 349), (72, 74), (325, 343), (492, 249), (42, 43), (470, 227), (171, 172), (414, 171), (276, 249), (182, 236), (74, 236), (479, 236), (276, 438), (563, 77), (563, 562), (369, 370), (473, 482), (516, 517), (527, 608), (349, 376), (608, 365), (191, 110)}
Obj: 43041 + 52740 + 0 = 95781

