Log for instance 1331.txt.

VND used alpha=0 and took 133.984375 seconds.
K1: []
E1: {(1303, 1308), (676, 313), (544, 423), (552, 585), (190, 1279), (1068, 1069), (649, 658), (15, 48), (421, 300), (1283, 1277), (48, 1137), (1217, 249), (542, 300), (546, 590), (552, 551), (423, 425), (1170, 1174), (425, 480), (1069, 585), (624, 625), (649, 627), (243, 122), (658, 53), (1170, 1137), (809, 811), (676, 632), (1068, 342), (1327, 480), (552, 596), (620, 624), (423, 302), (1283, 1279), (544, 549), (897, 899), (15, 620), (1174, 811), (546, 549), (551, 573), (596, 599), (1321, 1277), (243, 249), (50, 53), (1137, 1139), (313, 335), (1283, 1327), (627, 632), (302, 313), (573, 575), (897, 50), (421, 423), (1283, 1217), (1117, 1139), (1308, 340), (542, 487), (575, 487), (658, 625), (1303, 335)}
K2: [768, 197, 1212, 475, 875]
E2: {(596, 354), (768, 1131), (1219, 1220), (210, 211), (1212, 1220), (197, 241), (1037, 1081), (244, 249), (768, 746), (1037, 190), (875, 878), (208, 241), (1230, 746), (230, 241), (210, 122), (475, 365), (243, 122), (768, 767), (1212, 365), (864, 875), (1117, 875), (354, 233), (1303, 1215), (487, 366), (897, 899), (593, 472), (546, 183), (546, 549), (596, 599), (17, 50), (202, 208), (475, 480), (864, 743), (243, 249), (743, 746), (1212, 1267), (190, 197), (686, 202), (1219, 1230), (233, 241), (17, 864), (897, 50), (1215, 1220), (365, 366), (1044, 197), (472, 230), (354, 244), (549, 593), (475, 354)}
Obj: 45736 + 38880 + -3642 = 80974

GRASP with mst used alpha=0.3 and took 1006.3125 seconds. The best instance was found after 137.234375 seconds.
K1: [243]
E1: {(1303, 1308), (676, 313), (586, 590), (544, 423), (552, 585), (190, 1279), (1068, 1069), (649, 658), (15, 48), (421, 300), (1283, 1277), (48, 1137), (1217, 249), (546, 590), (423, 425), (1170, 1174), (425, 480), (1069, 585), (624, 625), (649, 627), (549, 604), (243, 122), (658, 53), (1170, 1137), (809, 811), (676, 632), (1068, 342), (1327, 480), (620, 624), (423, 302), (1283, 1279), (544, 549), (599, 604), (897, 899), (15, 620), (1174, 811), (546, 549), (342, 243), (1321, 1277), (243, 249), (50, 53), (1137, 1139), (586, 487), (313, 335), (1283, 1327), (627, 632), (302, 313), (573, 575), (897, 50), (421, 423), (1283, 1217), (1117, 1139), (1308, 340), (575, 487), (658, 625), (1303, 335)}
K2: [768, 197, 1212, 475, 875]
E2: {(596, 354), (768, 1131), (1219, 1220), (210, 211), (1212, 1220), (197, 241), (1037, 1081), (244, 249), (768, 746), (1037, 190), (875, 878), (208, 241), (1230, 746), (230, 241), (210, 122), (475, 365), (243, 122), (768, 767), (1212, 365), (864, 875), (1117, 875), (354, 233), (1303, 1215), (487, 366), (897, 899), (593, 472), (546, 183), (546, 549), (596, 599), (17, 50), (202, 208), (475, 480), (864, 743), (243, 249), (743, 746), (1212, 1267), (190, 197), (686, 202), (1219, 1230), (233, 241), (17, 864), (897, 50), (1215, 1220), (365, 366), (1044, 197), (472, 230), (354, 244), (549, 593), (475, 354)}
Obj: 44928 + 38880 + -3033 = 80775

