Log for instance 0729.txt.

VND used alpha=0 and took 33.921875 seconds.
K1: [515, 28, 524, 488, 27, 54, 46, 37, 272, 119, 52, 82, 491, 218, 278, 275]
E1: {(331, 358), (671, 509), (559, 640), (30, 192), (37, 280), (604, 610), (608, 635), (135, 378), (38, 119), (596, 599), (27, 54), (54, 72), (491, 509), (46, 52), (515, 521), (27, 29), (487, 493), (531, 612), (514, 541), (29, 191), (579, 606), (28, 46), (29, 38), (602, 629), (653, 491), (603, 606), (278, 440), (488, 497), (272, 281), (515, 596), (218, 236), (52, 295), (358, 359), (142, 143), (252, 414), (246, 264), (35, 62), (525, 527), (236, 479), (487, 488), (85, 328), (243, 246), (82, 85), (252, 279), (219, 221), (275, 302), (657, 495), (495, 497), (279, 281), (54, 135), (82, 325), (523, 604), (29, 35), (640, 643), (515, 29), (272, 278), (378, 396), (599, 608), (523, 524), (28, 109), (549, 552), (655, 493), (27, 30), (28, 29), (191, 218), (119, 122), (278, 359), (515, 488), (549, 63), (362, 365), (521, 602), (165, 192), (27, 270), (268, 430), (54, 297), (119, 362), (396, 399), (488, 491), (272, 275), (514, 28), (275, 356), (268, 295), (218, 221), (524, 605), (356, 374), (37, 118), (29, 272), (541, 703), (603, 605), (29, 110), (118, 145), (54, 63), (513, 531), (62, 143), (82, 100), (243, 270), (82, 109), (559, 73), (524, 527), (515, 524), (28, 37), (533, 539), (46, 73), (515, 533), (513, 515), (633, 635), (52, 214)}
K2: [563]
E2: {(489, 490), (163, 164), (528, 42), (162, 171), (657, 171), (165, 167), (320, 77), (61, 70), (479, 482), (525, 528), (325, 82), (517, 490), (671, 725), (516, 525), (391, 634), (428, 482), (231, 233), (525, 552), (72, 75), (162, 164), (391, 472), (489, 492), (72, 78), (563, 725), (204, 231), (370, 376), (643, 562), (60, 61), (164, 167), (16, 43), (75, 77), (302, 320), (525, 527), (671, 428), (164, 191), (16, 70), (343, 349), (492, 249), (325, 343), (259, 340), (42, 43), (276, 249), (414, 171), (643, 634), (276, 438), (562, 563), (563, 77), (259, 16), (369, 370), (60, 78), (516, 517), (527, 608), (349, 376), (163, 82), (42, 204), (608, 365), (340, 349), (191, 110)}
Obj: 46644 + 54430 + 808 = 101882

GRASP with mst used alpha=0.2 and took 920.375 seconds. The best instance was found after 858.703125 seconds.
K1: [372, 356, 355, 358]
E1: {(331, 358), (145, 91), (165, 219), (612, 615), (653, 656), (306, 252), (412, 331), (655, 656), (297, 54), (649, 655), (275, 356), (653, 671), (414, 252), (579, 633), (479, 485), (325, 82), (355, 358), (355, 364), (430, 431), (400, 399), (642, 643), (385, 142), (576, 579), (399, 345), (657, 576), (328, 355), (385, 331), (355, 373), (356, 374), (356, 365), (615, 372), (552, 633), (142, 143), (649, 703), (601, 358), (437, 356), (579, 606), (610, 611), (352, 355), (297, 300), (399, 372), (643, 400), (143, 629), (372, 373), (655, 673), (297, 306), (29, 110), (300, 302), (264, 345), (119, 110), (642, 633), (412, 430), (91, 100), (119, 122), (525, 606), (325, 352), (430, 457), (54, 72), (539, 620), (283, 364), (82, 100), (280, 283), (673, 430), (601, 610), (275, 302), (355, 356), (611, 620), (365, 122), (431, 485), (437, 440), (651, 165), (457, 214), (651, 653)}
K2: [276, 320, 75, 362]
E2: {(33, 42), (528, 42), (162, 171), (657, 171), (165, 167), (320, 77), (61, 70), (479, 482), (360, 369), (525, 528), (346, 349), (66, 75), (671, 725), (552, 66), (516, 525), (353, 110), (463, 464), (472, 473), (525, 552), (302, 464), (162, 164), (171, 225), (320, 482), (72, 75), (563, 725), (230, 233), (164, 167), (473, 230), (16, 43), (360, 362), (643, 400), (63, 225), (75, 77), (276, 33), (302, 320), (164, 191), (16, 70), (463, 472), (343, 349), (325, 343), (259, 340), (400, 346), (63, 72), (42, 43), (353, 362), (362, 365), (492, 249), (276, 249), (414, 171), (276, 438), (563, 77), (259, 16), (516, 517), (340, 349), (191, 110)}
Obj: 42384 + 51625 + 820 = 94829

