Log for instance 1331.txt.

VND used alpha=0 and took 114.546875 seconds.
K1: []
E1: {(1277, 1283), (1303, 1308), (313, 676), (50, 897), (1279, 1283), (487, 575), (625, 658), (552, 585), (1068, 1069), (190, 1279), (649, 658), (15, 48), (48, 1137), (546, 590), (1217, 1283), (627, 649), (1170, 1174), (423, 544), (423, 425), (425, 480), (342, 1068), (624, 625), (811, 1174), (335, 1303), (809, 811), (552, 596), (620, 624), (300, 421), (122, 243), (551, 552), (1277, 1321), (1137, 1170), (340, 1308), (544, 549), (897, 899), (585, 1069), (15, 620), (546, 549), (551, 573), (249, 1217), (596, 599), (243, 249), (50, 53), (1137, 1139), (302, 423), (480, 1327), (313, 335), (1283, 1327), (627, 632), (302, 313), (300, 542), (573, 575), (421, 423), (487, 542), (1117, 1139), (53, 658), (632, 676)}
K2: [768, 197, 1212, 475, 875]
E2: {(50, 897), (202, 686), (746, 768), (743, 864), (768, 1131), (1219, 1220), (210, 211), (365, 475), (354, 475), (1212, 1220), (197, 241), (1037, 1081), (244, 249), (875, 878), (208, 241), (230, 241), (122, 210), (864, 875), (190, 1037), (354, 596), (122, 243), (767, 768), (230, 472), (365, 1212), (897, 899), (183, 546), (746, 1230), (546, 549), (596, 599), (1215, 1303), (17, 50), (202, 208), (475, 480), (243, 249), (743, 746), (366, 487), (1212, 1267), (190, 197), (1219, 1230), (233, 354), (17, 864), (244, 354), (233, 241), (1215, 1220), (365, 366), (197, 1044), (472, 593), (549, 593), (875, 1117)}
Obj: 45736 + 38880 + -3642 = 80974

GRASP with mst used alpha=0.575 and took 998.515625 seconds. The best instance was found after 454.9375 seconds.
K1: [1284, 1229, 553, 1222, 601]
E1: {(754, 1117), (1211, 1222), (50, 897), (1229, 1273), (190, 553), (190, 1279), (179, 300), (1229, 1306), (546, 590), (179, 190), (122, 1211), (487, 489), (423, 1270), (487, 553), (1225, 1229), (489, 599), (899, 900), (624, 1229), (313, 318), (15, 1225), (809, 811), (349, 1317), (1108, 1229), (1229, 1284), (1270, 1273), (658, 1142), (1108, 1174), (1222, 1321), (599, 601), (487, 491), (590, 601), (897, 899), (899, 1262), (552, 553), (546, 549), (811, 1295), (1229, 1317), (585, 1069), (1303, 1306), (1279, 1284), (585, 590), (1222, 1229), (1229, 1262), (249, 491), (480, 601), (1137, 1142), (658, 900), (635, 1240), (1229, 1295), (627, 635), (1229, 1240), (318, 340), (1283, 1284), (573, 584), (342, 584), (247, 249), (754, 809), (247, 313), (342, 349)}
K2: [1042, 875]
E2: {(996, 998), (996, 1117), (1035, 1042), (50, 897), (188, 1035), (190, 553), (1042, 1044), (978, 1044), (1036, 1278), (1267, 1278), (122, 177), (675, 686), (244, 365), (244, 249), (767, 888), (487, 553), (875, 878), (549, 604), (177, 183), (230, 241), (494, 549), (480, 483), (864, 875), (978, 1220), (211, 233), (675, 679), (354, 596), (1036, 1042), (1117, 1128), (122, 188), (541, 1267), (599, 601), (230, 472), (365, 1212), (888, 899), (599, 604), (897, 899), (487, 494), (1128, 1131), (745, 746), (745, 987), (596, 599), (1215, 1303), (1080, 1081), (679, 1042), (1212, 1267), (987, 1042), (1020, 1042), (998, 1042), (480, 601), (233, 354), (354, 1080), (1215, 1220), (541, 549), (899, 1020), (241, 483), (875, 1117)}
Obj: 41932 + 42092 + -3681 = 80343

