Log for instance 0125.txt.

VND used alpha=0 and took 0.390625 seconds.
K1: [33]
E1: {(112, 114), (64, 114), (64, 69), (98, 95), (112, 113), (108, 83), (33, 48), (108, 113), (33, 83), (98, 48), (33, 30), (67, 69)}
K2: [101]
E2: {(36, 11), (2, 4), (101, 104), (11, 61), (36, 46), (33, 48), (101, 116), (33, 83), (101, 51), (46, 48), (4, 104), (51, 61)}
Obj: 23320 + 23380 + -3636 = 43064

GRASP with mst used alpha=0.6 and took 900.21875 seconds. The best instance was found after 554.4375 seconds.
K1: [33]
E1: {(80, 95), (67, 117), (112, 114), (64, 114), (38, 39), (64, 39), (33, 48), (33, 83), (33, 38), (80, 83), (33, 30), (112, 117)}
K2: [1, 101]
E2: {(1, 2), (101, 104), (1, 101), (1, 11), (6, 8), (33, 48), (101, 116), (33, 83), (101, 51), (8, 83), (1, 6)}
Obj: 22450 + 19520 + -3636 = 38334

