Log for instance 0125.txt.

VND used alpha=0 and took 0.34375 seconds.
K1: [33]
E1: {(112, 114), (64, 114), (64, 69), (30, 33), (112, 113), (33, 48), (108, 113), (33, 83), (83, 108), (95, 98), (67, 69), (48, 98)}
K2: [101]
E2: {(2, 4), (101, 104), (11, 36), (11, 61), (36, 46), (51, 101), (33, 48), (101, 116), (33, 83), (46, 48), (4, 104), (51, 61)}
Obj: 23320 + 23380 + -3636 = 43064

GRASP with mst used alpha=0.525 and took 900.15625 seconds. The best instance was found after 768.640625 seconds.
K1: [33]
E1: {(80, 95), (67, 117), (64, 69), (30, 33), (48, 49), (33, 48), (33, 83), (39, 49), (30, 80), (39, 64), (67, 69), (112, 117)}
K2: [1, 29]
E2: {(29, 104), (29, 49), (1, 2), (1, 101), (1, 11), (48, 49), (33, 48), (101, 116), (33, 83), (26, 29), (1, 26), (1, 51)}
Obj: 23440 + 20490 + -5445 = 38485

