Log for instance 0125.txt.

VND used alpha=0 and took 0.40625 seconds.
K1: [33]
E1: {(112, 114), (64, 114), (64, 69), (98, 95), (112, 113), (108, 83), (33, 48), (108, 113), (33, 83), (98, 48), (33, 30), (67, 69)}
K2: [101]
E2: {(36, 11), (2, 4), (101, 104), (11, 61), (36, 46), (33, 48), (101, 116), (33, 83), (101, 51), (46, 48), (4, 104), (51, 61)}
Obj: 23320 + 23380 + -3636 = 43064

GRASP with mst used alpha=0.6 and took 900.09375 seconds. The best instance was found after 808.796875 seconds.
K1: [102, 80]
E1: {(80, 95), (64, 69), (80, 30), (67, 52), (102, 107), (108, 83), (33, 48), (102, 52), (33, 83), (102, 112), (80, 83), (107, 108), (67, 69)}
K2: [101, 102]
E2: {(102, 104), (1, 101), (1, 11), (102, 107), (108, 83), (33, 48), (101, 116), (33, 83), (101, 51), (2, 102), (101, 102), (107, 108)}
Obj: 23450 + 20450 + -7272 = 36628

