Log for instance 0729.txt.

VND used alpha=0 and took 30.90625 seconds.
K1: [515, 28, 524, 488, 27, 54, 46, 37, 272, 119, 52, 82, 491, 218, 278, 275]
E1: {(331, 358), (671, 509), (559, 640), (30, 192), (37, 280), (604, 610), (608, 635), (135, 378), (38, 119), (596, 599), (27, 54), (54, 72), (491, 509), (46, 52), (515, 521), (27, 29), (487, 493), (531, 612), (514, 541), (29, 191), (579, 606), (28, 46), (29, 38), (602, 629), (653, 491), (603, 606), (278, 440), (488, 497), (272, 281), (515, 596), (218, 236), (52, 295), (358, 359), (142, 143), (252, 414), (246, 264), (35, 62), (525, 527), (236, 479), (487, 488), (85, 328), (243, 246), (82, 85), (252, 279), (219, 221), (275, 302), (657, 495), (495, 497), (279, 281), (54, 135), (82, 325), (523, 604), (29, 35), (640, 643), (515, 29), (272, 278), (378, 396), (599, 608), (523, 524), (28, 109), (549, 552), (655, 493), (27, 30), (28, 29), (191, 218), (119, 122), (278, 359), (515, 488), (549, 63), (362, 365), (521, 602), (165, 192), (27, 270), (268, 430), (54, 297), (119, 362), (396, 399), (488, 491), (272, 275), (514, 28), (275, 356), (268, 295), (218, 221), (524, 605), (356, 374), (37, 118), (29, 272), (541, 703), (603, 605), (29, 110), (118, 145), (54, 63), (513, 531), (62, 143), (82, 100), (243, 270), (82, 109), (559, 73), (524, 527), (515, 524), (28, 37), (533, 539), (46, 73), (515, 533), (513, 515), (633, 635), (52, 214)}
K2: [563]
E2: {(489, 490), (163, 164), (528, 42), (162, 171), (657, 171), (165, 167), (320, 77), (61, 70), (479, 482), (525, 528), (325, 82), (517, 490), (671, 725), (516, 525), (391, 634), (428, 482), (231, 233), (525, 552), (72, 75), (162, 164), (391, 472), (489, 492), (72, 78), (563, 725), (204, 231), (370, 376), (643, 562), (60, 61), (164, 167), (16, 43), (75, 77), (302, 320), (525, 527), (671, 428), (164, 191), (16, 70), (343, 349), (492, 249), (325, 343), (259, 340), (42, 43), (276, 249), (414, 171), (643, 634), (276, 438), (562, 563), (563, 77), (259, 16), (369, 370), (60, 78), (516, 517), (527, 608), (349, 376), (163, 82), (42, 204), (608, 365), (340, 349), (191, 110)}
Obj: 46644 + 54430 + 808 = 101882

GRASP with mst used alpha=0.2 and took 916.796875 seconds. The best instance was found after 678.1875 seconds.
K1: [606]
E1: {(165, 219), (606, 633), (612, 615), (653, 656), (412, 331), (655, 656), (414, 423), (390, 633), (297, 54), (610, 124), (649, 655), (399, 318), (653, 671), (278, 440), (410, 437), (328, 331), (325, 82), (372, 374), (122, 125), (512, 509), (400, 399), (415, 442), (365, 374), (385, 142), (576, 579), (399, 345), (657, 576), (385, 331), (72, 75), (145, 151), (574, 331), (278, 305), (552, 633), (142, 143), (649, 703), (124, 125), (512, 539), (302, 305), (579, 606), (297, 300), (643, 400), (399, 372), (261, 423), (143, 629), (457, 214), (721, 722), (325, 328), (29, 110), (300, 302), (264, 345), (509, 671), (261, 264), (412, 430), (119, 122), (110, 119), (525, 606), (653, 410), (318, 75), (280, 442), (430, 457), (54, 72), (722, 479), (414, 415), (390, 399), (82, 100), (142, 151), (365, 122), (606, 615), (437, 440), (651, 165), (655, 574), (651, 653), (703, 721)}
K2: [392, 311, 68, 457]
E2: {(392, 365), (6, 15), (528, 42), (162, 171), (671, 698), (657, 171), (165, 167), (311, 68), (451, 457), (15, 42), (61, 70), (479, 482), (435, 192), (392, 401), (701, 458), (525, 528), (71, 233), (516, 525), (457, 454), (472, 473), (438, 456), (525, 552), (311, 473), (162, 164), (320, 482), (72, 75), (164, 167), (309, 311), (16, 43), (643, 644), (302, 311), (311, 320), (75, 77), (435, 438), (451, 370), (164, 191), (68, 71), (68, 77), (552, 309), (456, 457), (16, 70), (644, 401), (6, 492), (392, 311), (325, 343), (343, 349), (42, 43), (414, 171), (445, 454), (369, 370), (445, 472), (516, 517), (457, 376), (349, 376), (165, 192), (457, 458), (698, 701), (191, 110)}
Obj: 44484 + 50730 + 812 = 96026

