Log for instance 0049.txt.

VND used alpha=0 and took 0.140625 seconds.
K1: [26, 21, 46, 48, 47]
E1: {(16, 26), (6, 21), (8, 46), (26, 39), (22, 23), (0, 2), (15, 48), (9, 20), (4, 45), (45, 46), (5, 46), (8, 39), (6, 26), (14, 21), (0, 10), (10, 23), (47, 48), (19, 47), (1, 22), (14, 20), (7, 48), (2, 21), (5, 47)}
K2: [20, 37, 47]
E2: {(16, 20), (24, 27), (13, 27), (11, 36), (0, 2), (9, 20), (4, 45), (3, 43), (45, 46), (10, 24), (5, 46), (32, 36), (13, 32), (18, 37), (29, 37), (14, 21), (0, 10), (17, 29), (47, 48), (19, 44), (42, 43), (19, 47), (11, 37), (18, 42), (14, 20), (7, 48), (3, 44), (2, 21), (5, 47)}
Obj: 84612399 + 85860207 + -33056662 = 137415944

GRASP used alpha=0.5 and took 900.140625 seconds. The best instance was found after 570.296875 seconds.
K1: [26, 21, 46, 0, 48, 47]
E1: {(16, 26), (6, 21), (8, 46), (26, 39), (22, 23), (0, 2), (15, 48), (9, 20), (0, 23), (4, 45), (45, 46), (5, 46), (8, 39), (6, 26), (14, 21), (0, 10), (47, 48), (19, 47), (14, 20), (1, 22), (7, 48), (2, 21), (5, 47)}
K2: [21, 47]
E2: {(11, 36), (24, 27), (13, 27), (6, 21), (16, 26), (35, 36), (0, 2), (9, 20), (4, 45), (3, 43), (10, 24), (45, 46), (5, 46), (13, 35), (13, 32), (6, 26), (18, 37), (14, 21), (0, 10), (28, 29), (17, 29), (28, 32), (47, 48), (19, 44), (42, 43), (19, 47), (11, 37), (18, 42), (14, 20), (7, 48), (3, 44), (2, 21), (5, 47)}
Obj: 83644761 + 91740066 + -40310150 = 135074677