Log for instance 0125.txt.

VND used alpha=0 and took 0.375 seconds.
K1: [33]
E1: {(112, 114), (64, 69), (30, 33), (64, 114), (112, 113), (33, 48), (108, 113), (33, 83), (83, 108), (95, 98), (67, 69), (48, 98)}
K2: [101]
E2: {(2, 4), (101, 104), (11, 61), (46, 71), (33, 48), (51, 101), (33, 83), (101, 116), (46, 48), (4, 104), (51, 71), (51, 61)}
Obj: 23320 + 23380 + -3636 = 43064

GRASP used alpha=0.5 and took 900.15625 seconds. The best instance was found after 693.765625 seconds.
K1: [33]
E1: {(80, 95), (67, 117), (64, 69), (30, 33), (48, 49), (33, 48), (39, 49), (33, 83), (80, 83), (39, 64), (67, 69), (112, 117)}
K2: [101]
E2: {(29, 104), (2, 4), (29, 49), (101, 104), (11, 61), (48, 49), (51, 101), (33, 48), (101, 116), (33, 83), (4, 104), (51, 61)}
Obj: 23400 + 23410 + -5445 = 41365