Log for instance 1331.txt.

VND used alpha=0 and took 128.171875 seconds.
K1: []
E1: {(1303, 1308), (676, 313), (544, 423), (552, 585), (190, 1279), (1068, 1069), (649, 658), (15, 48), (421, 300), (1283, 1277), (48, 1137), (1217, 249), (542, 300), (546, 590), (552, 551), (423, 425), (1170, 1174), (425, 480), (1069, 585), (624, 625), (649, 627), (243, 122), (658, 53), (1170, 1137), (809, 811), (676, 632), (1068, 342), (1327, 480), (552, 596), (620, 624), (423, 302), (1283, 1279), (544, 549), (897, 899), (15, 620), (1174, 811), (546, 549), (551, 573), (596, 599), (1321, 1277), (243, 249), (50, 53), (1137, 1139), (313, 335), (1283, 1327), (627, 632), (302, 313), (573, 575), (897, 50), (421, 423), (1283, 1217), (1117, 1139), (1308, 340), (542, 487), (575, 487), (658, 625), (1303, 335)}
K2: [768, 197, 1212, 475, 875]
E2: {(596, 354), (768, 1131), (1219, 1220), (210, 211), (1212, 1220), (197, 241), (1037, 1081), (244, 249), (768, 746), (1037, 190), (875, 878), (208, 241), (1230, 746), (230, 241), (210, 122), (475, 365), (243, 122), (768, 767), (1212, 365), (864, 875), (1117, 875), (354, 233), (1303, 1215), (487, 366), (897, 899), (593, 472), (546, 183), (546, 549), (596, 599), (17, 50), (202, 208), (475, 480), (864, 743), (243, 249), (743, 746), (1212, 1267), (190, 197), (686, 202), (1219, 1230), (233, 241), (17, 864), (897, 50), (1215, 1220), (365, 366), (1044, 197), (472, 230), (354, 244), (549, 593), (475, 354)}
Obj: 45736 + 38880 + -3642 = 80974

GRASP with mst used alpha=0.5 and took 900.046875 seconds. The best instance was found after 900.046875 seconds.
K1: [1200, 1203, 356, 359, 357, 345]
E1: {(1167, 804), (1200, 1112), (587, 598), (553, 190), (900, 658), (1327, 359), (1205, 1117), (359, 249), (627, 628), (1167, 1200), (1178, 1200), (598, 356), (491, 249), (544, 599), (804, 809), (1321, 1200), (1200, 1203), (342, 345), (477, 356), (1170, 1174), (1200, 1090), (1207, 1108), (356, 362), (899, 900), (624, 625), (549, 604), (301, 356), (345, 356), (595, 604), (15, 114), (1200, 595), (313, 357), (599, 357), (1200, 1205), (1203, 1137), (1203, 356), (1090, 122), (1112, 628), (477, 480), (356, 114), (345, 343), (487, 491), (552, 553), (340, 362), (1069, 343), (587, 590), (28, 50), (301, 300), (1178, 573), (658, 625), (1170, 1203), (313, 335), (1108, 624), (356, 359), (1283, 1327), (356, 357), (1200, 1207), (28, 1117), (544, 423), (1303, 335), (552, 555), (555, 313)}
K2: [385, 869, 392, 197, 604]
E2: {(385, 869), (304, 249), (858, 869), (405, 1131), (388, 993), (1081, 993), (768, 1131), (553, 190), (197, 241), (899, 888), (869, 878), (1325, 599), (549, 593), (392, 480), (392, 425), (387, 145), (385, 392), (549, 604), (604, 241), (385, 389), (232, 122), (232, 241), (768, 767), (1303, 1325), (211, 233), (389, 444), (686, 444), (1117, 1128), (299, 1267), (487, 366), (1128, 1131), (599, 604), (425, 183), (897, 899), (593, 472), (304, 183), (858, 864), (385, 388), (385, 394), (145, 211), (878, 757), (475, 480), (746, 757), (553, 487), (190, 197), (233, 241), (299, 354), (897, 50), (365, 366), (888, 767), (1044, 197), (394, 405), (1220, 978), (1044, 978), (385, 387), (475, 354)}
Obj: 40664 + 40784 + -1212 = 80236

