Log for instance 0049.txt.

VND used alpha=0 and took 0.140625 seconds.
K1: [21, 46, 47, 26, 48]
E1: {(16, 26), (6, 21), (8, 46), (26, 39), (22, 23), (0, 2), (15, 48), (9, 20), (4, 45), (45, 46), (5, 46), (8, 39), (6, 26), (14, 21), (0, 10), (10, 23), (47, 48), (19, 47), (14, 20), (1, 22), (7, 48), (2, 21), (5, 47)}
K2: [47, 20, 37]
E2: {(11, 36), (13, 27), (16, 20), (24, 27), (0, 2), (9, 20), (4, 45), (3, 43), (10, 24), (45, 46), (5, 46), (32, 36), (13, 32), (18, 37), (29, 37), (14, 21), (0, 10), (17, 29), (47, 48), (19, 44), (42, 43), (19, 47), (11, 37), (18, 42), (14, 20), (7, 48), (3, 44), (2, 21), (5, 47)}
Obj: 84612399 + 85860207 + -33056662 = 137415944

GRASP with mst used alpha=0.1 and took 900.109375 seconds. The best instance was found after 0.84375 seconds.
K1: [0, 21, 46, 47, 48, 20]
E1: {(16, 20), (6, 21), (8, 46), (26, 39), (22, 23), (0, 2), (15, 48), (9, 20), (0, 23), (4, 45), (45, 46), (5, 46), (8, 39), (6, 26), (14, 21), (0, 10), (47, 48), (19, 47), (14, 20), (1, 22), (7, 48), (2, 21), (5, 47)}
K2: [47, 20, 32, 42, 28]
E2: {(11, 36), (16, 20), (0, 2), (9, 20), (4, 45), (3, 43), (10, 24), (45, 46), (25, 28), (41, 42), (5, 46), (32, 36), (11, 41), (13, 32), (14, 21), (0, 10), (17, 29), (28, 29), (28, 32), (24, 25), (47, 48), (19, 44), (42, 43), (19, 47), (18, 42), (14, 20), (7, 48), (3, 44), (2, 21), (5, 47)}
Obj: 86285958 + 85767015 + -37781494 = 134271479

