Log for instance 0640.txt.

VND used alpha=0 and took 12.1875 seconds.
K1: [534, 604, 563, 430, 250, 559, 307, 320]
E1: {(73, 380), (106, 139), (577, 380), (5, 611), (95, 340), (559, 313), (529, 34), (3, 168), (577, 135), (4, 423), (559, 114), (99, 422), (74, 313), (3, 170), (115, 320), (620, 236), (59, 205), (441, 444), (534, 382), (523, 534), (82, 99), (205, 307), (595, 385), (534, 430), (559, 374), (18, 480), (67, 113), (604, 299), (320, 485), (543, 115), (95, 385), (51, 52), (309, 396), (18, 430), (67, 307), (45, 304), (608, 97), (67, 444), (529, 563), (88, 485), (625, 250), (27, 563), (68, 250), (608, 307), (523, 147), (534, 25), (12, 236), (110, 170), (4, 543), (113, 340), (604, 168), (115, 422), (12, 604), (589, 152), (52, 66), (542, 113), (73, 299), (68, 202), (99, 336), (34, 374), (37, 443), (51, 325), (27, 325), (542, 563), (47, 309), (320, 443), (32, 250), (51, 611), (567, 430), (68, 423), (605, 304), (27, 336), (13, 566), (104, 620), (110, 480), (48, 441), (566, 202), (567, 112), (84, 382), (48, 605), (63, 112), (589, 115), (152, 360), (139, 360), (63, 368), (51, 396), (18, 625), (23, 368), (0, 595)}
K2: [189, 570, 482, 595, 586, 349, 622]
E2: {(540, 120), (66, 222), (128, 505), (47, 309), (391, 58), (24, 100), (622, 510), (26, 222), (349, 482), (5, 611), (65, 482), (93, 251), (100, 510), (83, 622), (536, 442), (391, 570), (17, 451), (560, 586), (131, 442), (17, 341), (540, 586), (323, 496), (462, 505), (569, 451), (385, 96), (385, 581), (70, 243), (236, 243), (567, 112), (31, 83), (536, 63), (26, 462), (286, 120), (65, 478), (83, 496), (396, 309), (63, 112), (53, 348), (348, 478), (72, 120), (595, 341), (611, 511), (20, 595), (400, 224), (135, 527), (17, 581), (128, 189), (349, 96), (160, 349), (527, 569), (286, 89), (567, 596), (160, 62), (570, 101), (57, 586), (224, 251), (47, 560), (400, 71), (130, 131), (570, 189), (100, 511), (15, 482), (396, 15), (595, 93), (596, 101), (15, 189), (323, 70), (12, 236), (101, 622)}
Obj: 64460 + 48524 + -3312 = 109672

GRASP with mst used alpha=0.1 and took 911.65625 seconds. The best instance was found after 659.84375 seconds.
K1: [368, 236, 563, 534, 589, 250, 559, 313, 380, 444, 320, 360]
E1: {(73, 380), (106, 139), (577, 380), (5, 611), (95, 340), (559, 313), (529, 34), (3, 168), (577, 135), (4, 423), (559, 114), (74, 313), (3, 170), (115, 320), (620, 236), (284, 360), (441, 444), (534, 382), (82, 99), (595, 385), (18, 480), (67, 113), (320, 485), (543, 115), (95, 385), (51, 52), (152, 348), (532, 47), (18, 430), (67, 307), (45, 304), (608, 97), (67, 444), (529, 563), (88, 485), (625, 250), (27, 563), (68, 250), (608, 307), (523, 147), (534, 25), (12, 236), (4, 543), (113, 340), (563, 250), (604, 168), (440, 444), (12, 604), (589, 152), (52, 66), (542, 113), (99, 336), (37, 443), (51, 325), (27, 325), (59, 284), (532, 348), (542, 563), (534, 589), (320, 443), (32, 250), (51, 611), (567, 430), (68, 423), (605, 304), (559, 380), (27, 336), (104, 620), (110, 480), (48, 441), (567, 112), (84, 382), (523, 368), (48, 605), (63, 112), (589, 115), (152, 360), (13, 440), (139, 360), (63, 368), (18, 625), (23, 368), (0, 595), (18, 170), (236, 313)}
K2: [189, 570, 595, 621, 596, 622]
E2: {(540, 120), (66, 222), (128, 505), (532, 540), (62, 621), (391, 58), (287, 71), (24, 100), (622, 510), (26, 222), (5, 611), (65, 482), (100, 510), (83, 622), (391, 570), (17, 451), (560, 586), (17, 341), (323, 496), (462, 505), (569, 451), (385, 96), (385, 581), (70, 243), (236, 243), (567, 112), (31, 83), (26, 462), (286, 120), (65, 478), (83, 496), (63, 112), (53, 348), (551, 621), (348, 478), (72, 120), (595, 341), (611, 511), (20, 595), (135, 527), (532, 47), (17, 581), (128, 189), (527, 569), (286, 89), (379, 381), (287, 551), (567, 596), (570, 101), (57, 586), (89, 377), (47, 560), (595, 377), (130, 131), (595, 621), (570, 189), (100, 511), (83, 379), (15, 482), (595, 93), (130, 381), (596, 101), (15, 189), (323, 70), (12, 236), (101, 622), (595, 596)}
Obj: 61032 + 47140 + -3339 = 104833

