Log for instance 0729.txt.

VND used alpha=0 and took 44.328125 seconds.
K1: [515, 28, 524, 488, 27, 54, 46, 37, 272, 119, 52, 82, 491, 218, 278, 275]
E1: {(331, 358), (671, 509), (559, 640), (30, 192), (37, 280), (604, 610), (608, 635), (135, 378), (38, 119), (596, 599), (27, 54), (54, 72), (491, 509), (46, 52), (515, 521), (27, 29), (487, 493), (531, 612), (514, 541), (29, 191), (579, 606), (28, 46), (29, 38), (602, 629), (653, 491), (603, 606), (278, 440), (488, 497), (272, 281), (515, 596), (218, 236), (52, 295), (358, 359), (142, 143), (252, 414), (246, 264), (35, 62), (525, 527), (236, 479), (487, 488), (85, 328), (243, 246), (82, 85), (252, 279), (219, 221), (275, 302), (657, 495), (495, 497), (279, 281), (54, 135), (82, 325), (523, 604), (29, 35), (640, 643), (515, 29), (272, 278), (378, 396), (599, 608), (523, 524), (28, 109), (549, 552), (655, 493), (27, 30), (28, 29), (191, 218), (119, 122), (278, 359), (515, 488), (549, 63), (362, 365), (521, 602), (165, 192), (27, 270), (268, 430), (54, 297), (119, 362), (396, 399), (488, 491), (272, 275), (514, 28), (275, 356), (268, 295), (218, 221), (524, 605), (356, 374), (37, 118), (29, 272), (541, 703), (603, 605), (29, 110), (118, 145), (54, 63), (513, 531), (62, 143), (82, 100), (243, 270), (82, 109), (559, 73), (524, 527), (515, 524), (28, 37), (533, 539), (46, 73), (515, 533), (513, 515), (633, 635), (52, 214)}
K2: [563]
E2: {(489, 490), (163, 164), (528, 42), (162, 171), (657, 171), (165, 167), (320, 77), (61, 70), (479, 482), (525, 528), (325, 82), (517, 490), (671, 725), (516, 525), (391, 634), (428, 482), (231, 233), (525, 552), (72, 75), (162, 164), (391, 472), (489, 492), (72, 78), (563, 725), (204, 231), (370, 376), (643, 562), (60, 61), (164, 167), (16, 43), (75, 77), (302, 320), (525, 527), (671, 428), (164, 191), (16, 70), (343, 349), (492, 249), (325, 343), (259, 340), (42, 43), (276, 249), (414, 171), (643, 634), (276, 438), (562, 563), (563, 77), (259, 16), (369, 370), (60, 78), (516, 517), (527, 608), (349, 376), (163, 82), (42, 204), (608, 365), (340, 349), (191, 110)}
Obj: 46644 + 54430 + 808 = 101882

GRASP with mst used alpha=0.1 and took 912.296875 seconds. The best instance was found after 760.078125 seconds.
K1: [649, 526, 620, 300, 602]
E1: {(683, 602), (165, 219), (264, 246), (653, 656), (526, 283), (602, 620), (412, 331), (414, 417), (655, 656), (297, 54), (479, 482), (649, 655), (328, 331), (653, 671), (683, 440), (649, 658), (579, 633), (602, 629), (325, 82), (372, 374), (400, 399), (417, 174), (642, 643), (385, 142), (576, 579), (399, 345), (657, 576), (365, 374), (385, 331), (525, 552), (574, 331), (612, 614), (552, 633), (142, 143), (649, 703), (526, 529), (658, 657), (529, 610), (297, 300), (643, 400), (399, 372), (143, 629), (457, 214), (325, 328), (29, 110), (300, 302), (264, 345), (401, 482), (119, 110), (614, 620), (642, 633), (412, 430), (91, 100), (119, 122), (399, 401), (430, 457), (54, 72), (165, 174), (539, 620), (82, 100), (280, 283), (525, 526), (365, 122), (91, 145), (300, 246), (651, 165), (655, 574), (651, 653)}
K2: [60, 162, 227]
E2: {(528, 42), (162, 171), (162, 165), (657, 171), (171, 177), (320, 77), (61, 70), (414, 420), (470, 479), (666, 668), (360, 369), (525, 528), (218, 227), (411, 420), (227, 233), (516, 525), (670, 589), (353, 110), (6, 60), (463, 464), (525, 552), (302, 464), (162, 164), (72, 75), (411, 438), (670, 671), (668, 671), (72, 78), (60, 61), (177, 204), (16, 43), (360, 362), (369, 371), (75, 77), (643, 589), (302, 320), (164, 191), (16, 70), (463, 472), (6, 492), (325, 343), (259, 340), (343, 349), (164, 218), (42, 43), (362, 365), (470, 227), (414, 171), (353, 371), (259, 16), (657, 666), (60, 78), (516, 517), (42, 204), (340, 349), (191, 110)}
Obj: 42000 + 52635 + 1224 = 95859

