Log for instance 0064.txt.

VND used alpha=0 and took 0.078125 seconds.
K1: []
E1: {(0, 1), (12, 15), (0, 3), (9, 57), (12, 28), (37, 53), (53, 57), (3, 15), (1, 9)}
K2: []
E2: {(19, 27), (42, 58), (54, 58), (27, 43), (3, 19), (42, 43), (3, 15)}
Obj: 5163 + 3966 + -404 = 8725

GRASP with mst used alpha=0.1 and took 900.0 seconds. The best instance was found after 714.71875 seconds.
K1: [52, 53, 55]
E1: {(55, 63), (52, 60), (0, 4), (52, 55), (53, 55), (28, 60), (37, 53), (53, 57), (15, 63), (4, 52)}
K2: [62, 63]
E2: {(51, 63), (15, 63), (46, 62), (19, 51), (62, 63), (42, 46), (54, 62)}
Obj: 4605 + 3423 + -412 = 7616

