Log for instance 0640.txt.

VND used alpha=0 and took 12.296875 seconds.
K1: [534, 604, 563, 430, 250, 559, 307, 320]
E1: {(73, 380), (106, 139), (382, 534), (5, 611), (95, 340), (135, 577), (3, 168), (4, 423), (99, 422), (74, 313), (3, 170), (430, 567), (114, 559), (115, 320), (59, 205), (441, 444), (113, 542), (307, 608), (523, 534), (82, 99), (205, 307), (18, 480), (67, 113), (202, 566), (320, 485), (95, 385), (51, 52), (250, 625), (147, 523), (115, 589), (25, 534), (309, 396), (374, 559), (18, 430), (67, 307), (45, 304), (67, 444), (529, 563), (88, 485), (27, 563), (68, 250), (299, 604), (12, 236), (380, 577), (110, 170), (4, 543), (113, 340), (115, 422), (304, 605), (97, 608), (12, 604), (168, 604), (430, 534), (52, 66), (115, 543), (73, 299), (68, 202), (99, 336), (34, 374), (37, 443), (385, 595), (51, 325), (27, 325), (112, 567), (542, 563), (47, 309), (320, 443), (32, 250), (51, 611), (68, 423), (27, 336), (13, 566), (104, 620), (313, 559), (110, 480), (48, 441), (236, 620), (84, 382), (48, 605), (63, 112), (152, 589), (152, 360), (139, 360), (63, 368), (51, 396), (18, 625), (23, 368), (0, 595), (34, 529)}
K2: [189, 570, 482, 595, 586, 349, 622]
E2: {(101, 570), (189, 570), (128, 505), (66, 222), (47, 309), (24, 100), (15, 396), (26, 222), (349, 482), (5, 611), (62, 160), (65, 482), (93, 251), (100, 510), (70, 323), (83, 622), (510, 622), (58, 391), (391, 570), (17, 451), (560, 586), (131, 442), (511, 611), (17, 341), (540, 586), (442, 536), (120, 540), (451, 569), (323, 496), (462, 505), (93, 595), (385, 581), (70, 243), (236, 243), (31, 83), (71, 400), (26, 462), (65, 478), (83, 496), (101, 596), (120, 286), (309, 396), (53, 348), (63, 112), (63, 536), (89, 286), (72, 120), (348, 478), (20, 595), (135, 527), (17, 581), (128, 189), (160, 349), (527, 569), (96, 349), (567, 596), (57, 586), (224, 251), (47, 560), (130, 131), (341, 595), (100, 511), (15, 482), (96, 385), (15, 189), (12, 236), (224, 400), (101, 622), (112, 567)}
Obj: 64460 + 48524 + -3603 = 109381

GRASP with mst used alpha=0.1 and took 902.875 seconds. The best instance was found after 247.109375 seconds.
K1: [170, 523, 534, 368, 236, 250, 374, 559, 380, 307, 444, 320]
E1: {(73, 380), (106, 139), (382, 534), (5, 611), (95, 340), (135, 577), (3, 168), (4, 423), (99, 422), (74, 313), (3, 170), (114, 559), (115, 320), (13, 586), (59, 205), (441, 444), (236, 313), (47, 532), (307, 608), (523, 534), (82, 99), (205, 307), (560, 586), (67, 113), (320, 485), (95, 385), (51, 52), (250, 625), (147, 523), (115, 589), (25, 534), (152, 348), (374, 559), (18, 430), (67, 307), (45, 304), (67, 444), (88, 485), (380, 559), (68, 250), (12, 236), (110, 170), (380, 577), (4, 543), (113, 340), (368, 523), (425, 529), (115, 422), (374, 444), (304, 605), (152, 425), (97, 608), (12, 604), (168, 604), (430, 534), (52, 66), (115, 543), (99, 336), (34, 374), (37, 443), (385, 595), (51, 325), (27, 325), (320, 443), (32, 250), (51, 611), (68, 423), (348, 532), (27, 336), (104, 620), (48, 441), (236, 620), (84, 382), (48, 605), (63, 112), (152, 589), (152, 360), (139, 360), (63, 368), (18, 625), (23, 368), (0, 595), (47, 560), (18, 170), (34, 529)}
K2: [189, 595, 570, 348, 596, 621, 622]
E2: {(101, 570), (189, 570), (66, 222), (62, 621), (31, 444), (24, 100), (26, 222), (5, 611), (65, 482), (100, 510), (71, 590), (70, 323), (83, 622), (510, 622), (348, 532), (58, 391), (391, 570), (17, 451), (560, 586), (374, 444), (462, 621), (17, 341), (323, 496), (511, 611), (451, 569), (377, 595), (93, 595), (70, 243), (236, 243), (31, 83), (26, 462), (374, 590), (65, 478), (83, 496), (595, 596), (101, 596), (120, 286), (63, 112), (53, 348), (89, 286), (72, 120), (348, 478), (20, 595), (135, 527), (128, 189), (527, 569), (379, 381), (567, 596), (57, 586), (89, 377), (47, 560), (130, 131), (385, 595), (341, 595), (595, 621), (100, 511), (83, 379), (15, 482), (130, 381), (96, 385), (15, 189), (12, 236), (101, 622), (47, 532), (112, 567)}
Obj: 61516 + 45652 + -4551 = 102617

