Log for instance 0729.txt.

VND used alpha=0 and took 31.140625 seconds.
K1: [372]
E1: {(611, 638), (165, 219), (396, 399), (82, 325), (653, 656), (612, 615), (142, 385), (655, 656), (479, 482), (331, 385), (649, 655), (328, 331), (653, 671), (574, 655), (579, 633), (602, 629), (377, 620), (372, 615), (372, 374), (331, 574), (415, 442), (378, 396), (400, 643), (642, 643), (399, 400), (345, 399), (576, 579), (365, 374), (374, 377), (525, 552), (428, 671), (552, 633), (142, 143), (649, 703), (602, 683), (252, 414), (165, 651), (610, 611), (297, 300), (495, 657), (629, 638), (143, 629), (347, 374), (122, 365), (655, 673), (325, 328), (29, 110), (300, 302), (264, 345), (401, 482), (214, 457), (91, 100), (119, 122), (110, 119), (633, 642), (280, 442), (430, 457), (576, 657), (54, 72), (414, 415), (539, 620), (347, 428), (82, 100), (91, 145), (252, 495), (430, 673), (399, 401), (440, 683), (297, 378), (54, 297), (651, 653), (372, 399)}
K2: [563]
E2: {(489, 490), (163, 164), (634, 643), (82, 325), (162, 171), (110, 191), (165, 167), (61, 70), (479, 482), (82, 163), (77, 563), (249, 276), (525, 528), (671, 725), (516, 525), (391, 634), (249, 492), (428, 482), (231, 233), (525, 552), (72, 75), (162, 164), (391, 472), (428, 671), (72, 78), (563, 725), (204, 231), (171, 414), (489, 492), (60, 61), (164, 167), (370, 376), (16, 43), (75, 77), (302, 320), (525, 527), (164, 191), (365, 608), (562, 643), (490, 517), (16, 70), (343, 349), (325, 343), (259, 340), (16, 259), (42, 43), (42, 528), (171, 657), (276, 438), (562, 563), (77, 320), (369, 370), (60, 78), (516, 517), (527, 608), (349, 376), (42, 204), (340, 349)}
Obj: 44355 + 54430 + 3660 = 102445

GRASP with mst used alpha=0.1 and took 909.265625 seconds. The best instance was found after 591.78125 seconds.
K1: [649, 526, 620, 300, 602]
E1: {(165, 219), (82, 325), (653, 656), (602, 620), (414, 417), (142, 385), (655, 656), (479, 482), (331, 385), (649, 655), (328, 331), (653, 671), (574, 655), (649, 658), (579, 633), (602, 629), (372, 374), (331, 574), (400, 643), (642, 643), (399, 400), (345, 399), (331, 412), (576, 579), (365, 374), (525, 552), (612, 614), (552, 633), (142, 143), (649, 703), (526, 529), (529, 610), (602, 683), (165, 651), (657, 658), (297, 300), (143, 629), (246, 264), (122, 365), (325, 328), (29, 110), (300, 302), (264, 345), (401, 482), (614, 620), (214, 457), (412, 430), (91, 100), (119, 122), (110, 119), (633, 642), (283, 526), (430, 457), (576, 657), (246, 300), (174, 417), (54, 72), (165, 174), (539, 620), (82, 100), (280, 283), (525, 526), (91, 145), (399, 401), (440, 683), (54, 297), (651, 653), (372, 399)}
K2: [60, 162, 227]
E2: {(162, 165), (162, 171), (110, 191), (171, 177), (61, 70), (414, 420), (470, 479), (666, 668), (360, 369), (525, 528), (218, 227), (411, 420), (227, 233), (516, 525), (6, 60), (463, 464), (525, 552), (302, 464), (162, 164), (72, 75), (411, 438), (670, 671), (668, 671), (72, 78), (171, 414), (60, 61), (177, 204), (16, 43), (360, 362), (369, 371), (589, 643), (75, 77), (302, 320), (227, 470), (164, 191), (589, 670), (16, 70), (463, 472), (6, 492), (325, 343), (259, 340), (16, 259), (164, 218), (42, 43), (343, 349), (42, 528), (362, 365), (171, 657), (353, 371), (77, 320), (657, 666), (60, 78), (516, 517), (42, 204), (340, 349), (110, 353)}
Obj: 42000 + 52635 + 1224 = 95859

