Log for instance 0125.txt.

VND used alpha=0 and took 0.328125 seconds.
K1: [33]
E1: {(112, 114), (64, 114), (64, 69), (30, 33), (112, 113), (33, 48), (108, 113), (33, 83), (83, 108), (95, 98), (67, 69), (48, 98)}
K2: [101]
E2: {(2, 4), (101, 104), (11, 36), (11, 61), (36, 46), (51, 101), (33, 48), (101, 116), (33, 83), (46, 48), (4, 104), (51, 61)}
Obj: 23320 + 23380 + -3636 = 43064

GRASP with mst used alpha=0.625 and took 900.25 seconds. The best instance was found after 706.515625 seconds.
K1: [102, 80]
E1: {(80, 95), (64, 69), (102, 107), (33, 48), (33, 83), (30, 80), (102, 112), (83, 108), (52, 67), (80, 83), (52, 102), (107, 108), (67, 69)}
K2: [101, 102]
E2: {(102, 104), (1, 101), (1, 11), (102, 107), (51, 101), (33, 48), (101, 116), (33, 83), (2, 102), (83, 108), (101, 102), (107, 108)}
Obj: 23450 + 20450 + -7272 = 36628

